# name: data
# type: matrix
# rows: 18
# columns: 5
6.0 2.2 5.0 1.5 3
5.0 2.3 3.3 1.0 2
5.1 3.7 1.5 0.4 1
5.9 3.0 4.2 1.5 2
6.3 2.7 4.9 1.8 3
6.9 3.1 5.1 2.3 3
5.6 3.0 4.1 1.3 2
6.7 3.3 5.7 2.1 3
6.5 3.0 5.5 1.8 3
4.5 2.3 1.3 0.3 1
4.8 3.0 1.4 0.1 1
5.7 2.8 4.5 1.3 2
5.4 3.9 1.3 0.4 1
4.9 3.1 1.5 0.1 1
5.8 2.7 4.1 1.0 2
5.1 3.8 1.6 0.2 1
6.3 2.5 4.9 1.5 2
6.9 3.2 5.7 2.3 3
