# Created by Octave 4.0.3, Tue Dec 20 00:12:33 2016 CET <root@0ray>
# name: w
# type: matrix
# rows: 101
# columns: 20
 -4.316e+05 -4.316e+05 -4.316e+05 -4.316e+05 -4.316e+05 -4.316e+05 -4.316e+05 -4.316e+05 -4.316e+05 -4.316e+05 -4.316e+05 -4.316e+05 -4.316e+05 -4.316e+05 -4.316e+05 -4.316e+05 -4.316e+05 -4.316e+05 -4.316e+05 -4.316e+05
 -5.268e+04 -5.267e+04 -5.268e+04 -5.268e+04 -5.268e+04 -5.267e+04 -5.267e+04 -5.268e+04 -5.267e+04 -5.267e+04 -5.268e+04 -5.267e+04 -5.268e+04 -5.268e+04 -5.267e+04 -5.267e+04 -5.268e+04 -5.267e+04 -5.265e+04 -5.268e+04
 -9772 -9776 -9766 -9769 -9763 -9770 -9760 -9766 -9766 -9765 -9766 -9748 -9766 -9770 -9770 -9767 -9764 -9758 -9768 -9767
 -1.058e+04 -1.067e+04 -1.062e+04 -1.058e+04 -1.068e+04 -1.062e+04 -1.058e+04 -1.058e+04 -1.058e+04 -1.058e+04 -1.058e+04 -1.058e+04 -1.058e+04 -1.058e+04 -1.058e+04 -1.058e+04 -1.048e+04 -1.059e+04 -1.057e+04 -1.058e+04
 -636 -625 -625 -627 -626 -620 -622 -626 -623 -620 -631 -624 -624 -622 -625 -621 -637 -594 -601 -632
 -4.446e+04 -4.447e+04 -4.446e+04 -4.446e+04 -4.447e+04 -4.446e+04 -4.446e+04 -4.446e+04 -4.446e+04 -4.446e+04 -4.446e+04 -4.446e+04 -4.445e+04 -4.446e+04 -4.446e+04 -4.446e+04 -4.445e+04 -4.446e+04 -4.447e+04 -4.446e+04
 -2.044e+04 -2.044e+04 -2.045e+04 -2.044e+04 -2.044e+04 -2.045e+04 -2.044e+04 -2.044e+04 -2.044e+04 -2.043e+04 -2.044e+04 -2.044e+04 -2.044e+04 -2.044e+04 -2.044e+04 -2.045e+04 -2.045e+04 -2.044e+04 -2.045e+04 -2.044e+04
 -440 -416 -418 -423 -425 -521 -435 -431 -421 -435 -433 -433 -422 -439 -423 -414 -451 -395 -401 -408
 -598 -640 -594 -614 -685 -652 -603 -616 -611 -619 -613 -565 -634 -618 -581 -667 -618 -628 -687 -650
 -1.256e+04 -1.256e+04 -1.257e+04 -1.256e+04 -1.256e+04 -1.258e+04 -1.256e+04 -1.256e+04 -1.257e+04 -1.256e+04 -1.256e+04 -1.256e+04 -1.256e+04 -1.257e+04 -1.257e+04 -1.257e+04 -1.257e+04 -1.257e+04 -1.257e+04 -1.256e+04
 -248 -227 -234 -318 -247 -226 -231 -257 -247 -246 -244 -213 -351 -248 -250 -243 -225 -249 -227 -248
 -2.04e+04 -2.04e+04 -2.04e+04 -2.04e+04 -2.04e+04 -2.04e+04 -2.04e+04 -2.04e+04 -2.04e+04 -2.04e+04 -2.04e+04 -2.04e+04 -2.04e+04 -2.04e+04 -2.04e+04 -2.04e+04 -2.038e+04 -2.04e+04 -2.039e+04 -2.039e+04
 -4591 -4584 -4592 -4590 -4595 -4597 -4589 -4590 -4592 -4581 -4586 -4588 -4579 -4594 -4595 -4592 -4586 -4593 -4591 -4588
 -4531 -4407 -4561 -4644 -4539 -4314 -4551 -4531 -4532 -4531 -4531 -4535 -4535 -4537 -4540 -4534 -4522 -4534 -4541 -4463
 -8989 -8973 -8980 -8922 -8977 -9418 -8961 -8994 -8994 -8991 -8994 -8988 -8991 -8993 -8993 -8990 -9016 -8994 -8989 -8995
 -2.217e+04 -2.216e+04 -2.216e+04 -2.216e+04 -2.216e+04 -2.216e+04 -2.216e+04 -2.216e+04 -2.216e+04 -2.216e+04 -2.216e+04 -2.216e+04 -2.216e+04 -2.216e+04 -2.216e+04 -2.217e+04 -2.216e+04 -2.217e+04 -2.216e+04 -2.215e+04
 -2.364e+04 -2.363e+04 -2.363e+04 -2.364e+04 -2.363e+04 -2.364e+04 -2.363e+04 -2.363e+04 -2.363e+04 -2.363e+04 -2.363e+04 -2.364e+04 -2.363e+04 -2.363e+04 -2.363e+04 -2.363e+04 -2.364e+04 -2.362e+04 -2.362e+04 -2.363e+04
 -1.378e+04 -1.379e+04 -1.377e+04 -1.378e+04 -1.379e+04 -1.377e+04 -1.378e+04 -1.378e+04 -1.378e+04 -1.378e+04 -1.378e+04 -1.378e+04 -1.378e+04 -1.378e+04 -1.378e+04 -1.378e+04 -1.376e+04 -1.378e+04 -1.378e+04 -1.377e+04
 -1.283e+04 -1.283e+04 -1.284e+04 -1.284e+04 -1.283e+04 -1.284e+04 -1.284e+04 -1.284e+04 -1.284e+04 -1.284e+04 -1.284e+04 -1.284e+04 -1.284e+04 -1.283e+04 -1.284e+04 -1.283e+04 -1.285e+04 -1.284e+04 -1.283e+04 -1.284e+04
 -4.866e+04 -4.866e+04 -4.866e+04 -4.866e+04 -4.866e+04 -4.866e+04 -4.866e+04 -4.866e+04 -4.866e+04 -4.866e+04 -4.866e+04 -4.866e+04 -4.866e+04 -4.866e+04 -4.866e+04 -4.866e+04 -4.866e+04 -4.866e+04 -4.866e+04 -4.866e+04
 -3.58e+04 -3.58e+04 -3.58e+04 -3.58e+04 -3.58e+04 -3.58e+04 -3.58e+04 -3.58e+04 -3.58e+04 -3.58e+04 -3.58e+04 -3.58e+04 -3.58e+04 -3.58e+04 -3.58e+04 -3.579e+04 -3.579e+04 -3.58e+04 -3.58e+04 -3.579e+04
 -2.717e+04 -2.717e+04 -2.717e+04 -2.717e+04 -2.717e+04 -2.717e+04 -2.716e+04 -2.717e+04 -2.717e+04 -2.717e+04 -2.716e+04 -2.716e+04 -2.717e+04 -2.717e+04 -2.717e+04 -2.717e+04 -2.717e+04 -2.717e+04 -2.716e+04 -2.716e+04
 -2.093e+04 -2.093e+04 -2.095e+04 -2.094e+04 -2.09e+04 -2.093e+04 -2.092e+04 -2.093e+04 -2.093e+04 -2.093e+04 -2.093e+04 -2.092e+04 -2.093e+04 -2.092e+04 -2.093e+04 -2.093e+04 -2.093e+04 -2.093e+04 -2.093e+04 -2.092e+04
 -2.264e+04 -2.266e+04 -2.266e+04 -2.265e+04 -2.266e+04 -2.266e+04 -2.266e+04 -2.265e+04 -2.266e+04 -2.265e+04 -2.266e+04 -2.266e+04 -2.265e+04 -2.265e+04 -2.264e+04 -2.265e+04 -2.265e+04 -2.265e+04 -2.266e+04 -2.265e+04
 -5.701e+04 -5.7e+04 -5.703e+04 -5.701e+04 -5.7e+04 -5.7e+04 -5.701e+04 -5.701e+04 -5.701e+04 -5.701e+04 -5.702e+04 -5.701e+04 -5.7e+04 -5.701e+04 -5.701e+04 -5.701e+04 -5.702e+04 -5.702e+04 -5.701e+04 -5.701e+04
 -4971 -4969 -4970 -4965 -4974 -4970 -4972 -4968 -4968 -4968 -4963 -4968 -4967 -4969 -4964 -4968 -4963 -4967 -4966 -4970
 -1803 -1808 -1807 -1810 -1805 -1821 -1804 -1797 -1803 -1790 -1785 -1799 -1807 -1805 -1801 -1800 -1803 -1804 -1807 -1806
 -6.772e+04 -6.77e+04 -6.771e+04 -6.772e+04 -6.773e+04 -6.768e+04 -6.772e+04 -6.772e+04 -6.772e+04 -6.772e+04 -6.772e+04 -6.772e+04 -6.771e+04 -6.772e+04 -6.771e+04 -6.772e+04 -6.78e+04 -6.772e+04 -6.772e+04 -6.772e+04
 -1.987e+04 -1.986e+04 -1.986e+04 -1.986e+04 -1.987e+04 -1.986e+04 -1.986e+04 -1.986e+04 -1.986e+04 -1.986e+04 -1.986e+04 -1.986e+04 -1.986e+04 -1.987e+04 -1.986e+04 -1.986e+04 -1.986e+04 -1.987e+04 -1.987e+04 -1.985e+04
 -4.205e+04 -4.205e+04 -4.204e+04 -4.202e+04 -4.205e+04 -4.204e+04 -4.205e+04 -4.205e+04 -4.205e+04 -4.205e+04 -4.205e+04 -4.205e+04 -4.205e+04 -4.205e+04 -4.204e+04 -4.205e+04 -4.205e+04 -4.205e+04 -4.204e+04 -4.205e+04
 -5.341e+04 -5.341e+04 -5.341e+04 -5.341e+04 -5.341e+04 -5.34e+04 -5.34e+04 -5.341e+04 -5.34e+04 -5.34e+04 -5.341e+04 -5.341e+04 -5.34e+04 -5.34e+04 -5.34e+04 -5.341e+04 -5.343e+04 -5.341e+04 -5.341e+04 -5.341e+04
 -9947 -9951 -9943 -9941 -9953 -9945 -9939 -9940 -9939 -9941 -9941 -9943 -9944 -9947 -9944 -9947 -9907 -9931 -9939 -9943
 -5770 -5767 -5774 -5764 -5774 -5778 -5766 -5763 -5761 -5743 -5752 -5767 -5765 -5762 -5757 -5766 -5765 -5767 -5763 -5764
 -1.044e+04 -1.043e+04 -1.042e+04 -1.042e+04 -1.042e+04 -1.042e+04 -1.042e+04 -1.042e+04 -1.042e+04 -1.042e+04 -1.042e+04 -1.042e+04 -1.042e+04 -1.042e+04 -1.042e+04 -1.039e+04 -1.042e+04 -1.044e+04 -1.042e+04 -1.038e+04
 -2.821e+04 -2.821e+04 -2.821e+04 -2.821e+04 -2.821e+04 -2.821e+04 -2.821e+04 -2.821e+04 -2.821e+04 -2.821e+04 -2.821e+04 -2.821e+04 -2.82e+04 -2.821e+04 -2.821e+04 -2.822e+04 -2.82e+04 -2.821e+04 -2.82e+04 -2.821e+04
 -1768 -1789 -1769 -1775 -1765 -1798 -1759 -1782 -1767 -1737 -1770 -1770 -1774 -1764 -1765 -1767 -1773 -1765 -1763 -1765
 -4816 -4818 -4822 -4814 -4810 -5008 -4760 -4816 -4814 -4818 -4818 -4819 -4814 -4812 -4817 -4817 -4818 -4816 -4819 -4817
 -7889 -7896 -7895 -7887 -7887 -7879 -7889 -7888 -7890 -7889 -7889 -7877 -7893 -7893 -7894 -7891 -7892 -7894 -7895 -7895
 -49 -39 -38 -46 -37 -45 -37 -33 -39 -37 -38 -40 -31 -39 -35 -47 -46 28 -1 -56
 -16 -5 -9 -3 -8 -113 0 -19 -6 -20 39 -11 -6 -10 -10 -30 -19 -7 11 -5
 -1.612e+04 -1.612e+04 -1.613e+04 -1.612e+04 -1.613e+04 -1.612e+04 -1.613e+04 -1.612e+04 -1.613e+04 -1.612e+04 -1.612e+04 -1.613e+04 -1.612e+04 -1.612e+04 -1.611e+04 -1.612e+04 -1.613e+04 -1.612e+04 -1.612e+04 -1.613e+04
 -2448 -2455 -2449 -2449 -2448 -2446 -2444 -2446 -2442 -2439 -2441 -2446 -2446 -2446 -2441 -2445 -2449 -2448 -2449 -2449
 -2.001e+04 -2e+04 -2e+04 -2e+04 -2e+04 -2e+04 -2e+04 -1.999e+04 -1.999e+04 -2e+04 -2e+04 -2e+04 -1.999e+04 -2e+04 -2e+04 -2e+04 -2e+04 -2e+04 -2e+04 -2e+04
 -9.539e+04 -9.538e+04 -9.538e+04 -9.538e+04 -9.538e+04 -9.538e+04 -9.538e+04 -9.539e+04 -9.538e+04 -9.538e+04 -9.538e+04 -9.538e+04 -9.538e+04 -9.539e+04 -9.538e+04 -9.536e+04 -9.538e+04 -9.538e+04 -9.539e+04 -9.538e+04
 -1.386e+04 -1.386e+04 -1.386e+04 -1.386e+04 -1.386e+04 -1.386e+04 -1.386e+04 -1.386e+04 -1.386e+04 -1.386e+04 -1.386e+04 -1.386e+04 -1.386e+04 -1.386e+04 -1.386e+04 -1.385e+04 -1.387e+04 -1.387e+04 -1.386e+04 -1.386e+04
