# Created by Octave 4.0.0, Sat Apr 22 22:34:49 2017 CEST <ray11@ray11-X202E>
# name: res
# type: matrix
# rows: 90
# columns: 3
 10 1 64.60618145563311
 10 2 53.38983050847457
 10 3 38.88334995014955
 10 4 30.95712861415753
 10 5 21.68494516450648
 10 6 17.24825523429711
 10 7 14.25722831505484
 10 8 12.66201395812562
 10 9 11.41575274177468
 20 1 59.32203389830509
 20 2 46.95912263210369
 20 3 36.64007976071785
 20 4 30.55832502492522
 20 5 19.09272183449651
 20 6 14.2073778664008
 20 7 12.26321036889332
 20 8 10.76769690927218
 20 9 10.66799601196411
 30 1 57.77666999002991
 30 2 45.66301096709871
 30 3 36.04187437686939
 30 4 29.06281156530409
 30 5 17.39780658025922
 30 6 13.26021934197408
 30 7 11.86440677966102
 30 8 10.76769690927218
 30 9 10.26919242273181
 40 1 58.57427716849452
 40 2 45.11465603190429
 40 3 36.39082751744765
 40 4 28.86340977068794
 40 5 18.19541375872383
 40 6 14.05782652043868
 40 7 12.26321036889332
 40 8 11.26620139581256
 40 9 10.46859421734796
 50 1 58.52442671984048
 50 2 46.21136590229312
 50 3 36.93918245264207
 50 4 27.81655034895314
 50 5 19.14257228315055
 50 6 15.20438683948156
 50 7 13.01096709870389
 50 8 11.26620139581256
 50 9 10.21934197407777
 60 1 57.47756729810568
 60 2 45.71286141575274
 60 3 37.2382851445663
 60 4 28.06580259222333
 60 5 18.49451645064806
 60 6 14.15752741774676
 60 7 12.7617148554337
 60 8 10.76769690927218
 60 9 10.66799601196411
 70 1 58.8235294117647
 70 2 45.81256231306082
 70 3 38.08574277168495
 70 4 27.81655034895314
 70 5 18.04586241276171
 70 6 13.90827517447657
 70 7 12.71186440677966
 70 8 11.06679960119641
 70 9 10.31904287138584
 80 1 57.82652043868395
 80 2 45.61316051844467
 80 3 37.2382851445663
 80 4 27.16849451645065
 80 5 18.04586241276171
 80 6 13.60917248255234
 80 7 11.96410767696909
 80 8 10.9172482552343
 80 9 10.66799601196411
 90 1 58.32502492522433
 90 2 45.51345962113659
 90 3 35.49351944167498
 90 4 27.51744765702891
 90 5 18.09571286141575
 90 6 14.00797607178465
 90 7 12.3629112662014
 90 8 11.51545363908275
 90 9 10.9172482552343
 100 1 59.72083748753739
 100 2 46.26121635094716
 100 3 37.2382851445663
 100 4 26.81954137587238
 100 5 17.24825523429711
 100 6 13.65902293120638
 100 7 11.66500498504486
 100 8 11.21635094715852
 100 9 10.71784646061815


