# Created by Octave 4.0.3, Tue Dec 20 19:36:04 2016 CET <root@0ray>
# name: w
# type: matrix
# rows: 3
# columns: 2
 1.28e+05 -1.28e+05
 -2389 2389
 -1.056e+05 1.056e+05


