# Created by Octave 4.0.3, Tue Dec 20 18:40:18 2016 CET <root@0ray>
# name: w
# type: matrix
# rows: 1281
# columns: 2
 -3.3 3.3
 -228.6 228.6
 -502.4 502.4
 218.8 -218.8
 -480.6 480.6
 618.4 -618.4
 -153.5 153.5
 1377 -1377
 1064 -1064
 653.8 -653.8
 684.5 -684.5
 -943.9 943.9
 -163.9 163.9
 -692 692
 11.99 -11.99
 287.4 -287.4
 527.1 -527.1
 128 -128
 39.01 -39.01
 503.3 -503.3
 -184.8 184.8
 -253.3 253.3
 -398.7 398.7
 -646.3 646.3
 312.2 -312.2
 -55.33 55.33
 -37.98 37.98
 -273.5 273.5
 -20.19 20.19
 273.6 -273.6
 -184.3 184.3
 -280 280
 1225 -1225
 -222.8 222.8
 -588.7 588.7
 200.6 -200.6
 -70.5 70.5
 -168.5 168.5
 -698.3 698.3
 923.3 -923.3
 -202.4 202.4
 -449.3 449.3
 -125 125
 172.7 -172.7
 -847.5 847.5
 -367 367
 -19.39 19.39
 -364.9 364.9
 154.4 -154.4
 -561.3 561.3
 -273.3 273.3
 141.5 -141.5
 -112.2 112.2
 316.3 -316.3
 1006 -1006
 154.4 -154.4
 -474.5 474.5
 401.4 -401.4
 -73.61 73.61
 -209.4 209.4
 -435.8 435.8
 -2.493 2.493
 148.2 -148.2
 -493.7 493.7
 -929.1 929.1
 -229.4 229.4
 7.489 -7.489
 -55.41 55.41
 126.9 -126.9
 1068 -1068
 139.2 -139.2
 68.34 -68.34
 -38.1 38.1
 -309.9 309.9
 331.1 -331.1
 -183 183
 695.7 -695.7
 563.9 -563.9
 412.6 -412.6
 305.2 -305.2
 32.81 -32.81
 290.4 -290.4
 -9.916 9.916
 287.4 -287.4
 13.74 -13.74
 280.5 -280.5
 69.57 -69.57
 5.367 -5.367
 -876.3 876.3
 17.55 -17.55
 -470 470
 -193.5 193.5
 193.4 -193.4
 -71 71
 -4.76 4.76
 483.8 -483.8
 -169.6 169.6
 -198.3 198.3
 46.27 -46.27
 72.76 -72.76
 -76.51 76.51
 353.3 -353.3
 -398.7 398.7
 -244.4 244.4
 -543.8 543.8
 627.2 -627.2
 39.58 -39.58
 -128.3 128.3
 2.4 -2.4
 -58.58 58.58
 -610.1 610.1
 -307.5 307.5
 356.4 -356.4
 177.6 -177.6
 -967.7 967.7
 -663.3 663.3
 310.8 -310.8
 -57.17 57.17
 -314.6 314.6
 -395.4 395.4
 136.4 -136.4
 297.4 -297.4
 132.6 -132.6
 495 -495
 232.8 -232.8
 -228.7 228.7
 107.2 -107.2
 134.7 -134.7
 234.8 -234.8
 119.6 -119.6
 179.9 -179.9
 222.9 -222.9
 -94.48 94.48
 -499 499
 147.4 -147.4
 74.73 -74.73
 -111.8 111.8
 125.2 -125.2
 -174 174
 27.08 -27.08
 -4.8 4.8
 62.85 -62.85
 62.22 -62.22
 -310.7 310.7
 -690.8 690.8
 -520.1 520.1
 401.8 -401.8
 379 -379
 484.2 -484.2
 50.96 -50.96
 1194 -1194
 -14.52 14.52
 219.3 -219.3
 633.9 -633.9
 475.2 -475.2
 324.1 -324.1
 -188.8 188.8
 22.25 -22.25
 -250.3 250.3
 -336.6 336.6
 -124.6 124.6
 254.3 -254.3
 -1727 1727
 -181 181
 49.4 -49.4
 -442.9 442.9
 -336.9 336.9
 -407.2 407.2
 -115.1 115.1
 -299.6 299.6
 264.1 -264.1
 218.7 -218.7
 1005 -1005
 106.8 -106.8
 -41.8 41.8
 124.6 -124.6
 356.6 -356.6
 289.7 -289.7
 11.14 -11.14
 315.6 -315.6
 317.6 -317.6
 -327.2 327.2
 -230.6 230.6
 -215.8 215.8
 142.7 -142.7
 144.9 -144.9
 316.1 -316.1
 -595.8 595.8
 -522.7 522.7
 -142.4 142.4
 357 -357
 -271.3 271.3
 167.4 -167.4
 59.72 -59.72
 60.31 -60.31
 191.7 -191.7
 -244.9 244.9
 354.6 -354.6
 792.7 -792.7
 -191.3 191.3
 -394.8 394.8
 -516.5 516.5
 550.5 -550.5
 32.65 -32.65
 24.34 -24.34
 -258 258
 -213.6 213.6
 -167.1 167.1
 -405.8 405.8
 664.8 -664.8
 -615.4 615.4
 -210.5 210.5
 -411.3 411.3
 -122.1 122.1
 215.4 -215.4
 -629.8 629.8
 -168.9 168.9
 -378 378
 88.35 -88.35
 -285 285
 -767.1 767.1
 412.1 -412.1
 101 -101
 239.7 -239.7
 -70.82 70.82
 -40.25 40.25
 175.7 -175.7
 245.2 -245.2
 420 -420
 377.8 -377.8
 -381 381
 1282 -1282
 -353.5 353.5
 -261.5 261.5
 -308.4 308.4
 -339.1 339.1
 277.2 -277.2
 -50.38 50.38
 -420.1 420.1
 -318.5 318.5
 -266.2 266.2
 182.5 -182.5
 -155.3 155.3
 230.6 -230.6
 -706.9 706.9
 -518.8 518.8
 176.5 -176.5
 -83.92 83.92
 -201 201
 -6.232 6.232
 195.6 -195.6
 -187.4 187.4
 330.2 -330.2
 -448.8 448.8
 56.28 -56.28
 -29.97 29.97
 -330.1 330.1
 -724.4 724.4
 314.4 -314.4
 134.2 -134.2
 405.9 -405.9
 181.3 -181.3
 235.2 -235.2
 -7.43 7.43
 29.77 -29.77
 -109.1 109.1
 -608.8 608.8
 -449.6 449.6
 -402.9 402.9
 509.8 -509.8
 441.5 -441.5
 -411.5 411.5
 -713.4 713.4
 -12.79 12.79
 525.8 -525.8
 -19.71 19.71
 -584.6 584.6
 -567 567
 -610 610
 -488.5 488.5
 -153.7 153.7
 594.9 -594.9
 -360.1 360.1
 -45.38 45.38
 -76.12 76.12
 -831.4 831.4
 278.9 -278.9
 451.3 -451.3
 387.9 -387.9
 -514.2 514.2
 -661.2 661.2
 224.8 -224.8
 118.7 -118.7
 164 -164
 36.64 -36.64
 -221.7 221.7
 613.1 -613.1
 685.4 -685.4
 -382.2 382.2
 -681.9 681.9
 482.2 -482.2
 69.41 -69.41
 58.95 -58.95
 -138.2 138.2
 -684 684
 307.2 -307.2
 -511.5 511.5
 377.3 -377.3
 707.6 -707.6
 -112.7 112.7
 208 -208
 27.74 -27.74
 -473 473
 -622.4 622.4
 -43.51 43.51
 -1470 1470
 190.3 -190.3
 736.8 -736.8
 293.5 -293.5
 -110.7 110.7
 197.7 -197.7
 -448 448
 48.41 -48.41
 181.6 -181.6
 -204 204
 -443.3 443.3
 485.9 -485.9
 -42.39 42.39
 -957.2 957.2
 -569.3 569.3
 -231.3 231.3
 82.02 -82.02
 -177 177
 53.74 -53.74
 602.5 -602.5
 -635 635
 98.19 -98.19
 321 -321
 -841.8 841.8
 -59.29 59.29
 47.58 -47.58
 -336.9 336.9
 -75.52 75.52
 492.7 -492.7
 463.5 -463.5
 132.6 -132.6
 -328.3 328.3
 212 -212
 642.8 -642.8
 197 -197
 -276.7 276.7
 271.4 -271.4
 -104.9 104.9
 -177.3 177.3
 -429.6 429.6
 -1.966 1.966
 -356.3 356.3
 34.23 -34.23
 415.2 -415.2
 -768.5 768.5
 136.2 -136.2
 212 -212
 -732.1 732.1
 -299.6 299.6
 276 -276
 -54.09 54.09
 332.3 -332.3
 -145.4 145.4
 -52.66 52.66
 -410.5 410.5
 851.5 -851.5
 -121.3 121.3
 121 -121
 -320.9 320.9
 -17.87 17.87
 338.8 -338.8
 617 -617
 208.3 -208.3
 -679.9 679.9
 -515.2 515.2
 345.9 -345.9
 -54.75 54.75
 137.2 -137.2
 -274.7 274.7
 -77.56 77.56
 -13.29 13.29
 -62.05 62.05
 -876.8 876.8
 190.6 -190.6
 -332.4 332.4
 374.6 -374.6
 -482.2 482.2
 124.3 -124.3
 895.6 -895.6
 -123.1 123.1
 647.2 -647.2
 -377.5 377.5
 398.4 -398.4
 145.9 -145.9
 -91.6 91.6
 351.1 -351.1
 -695.6 695.6
 -726.4 726.4
 -642.2 642.2
 198.9 -198.9
 -508.8 508.8
 79.21 -79.21
 -626.7 626.7
 542.3 -542.3
 -45.18 45.18
 -240.6 240.6
 -190.3 190.3
 -66.01 66.01
 -23.4 23.4
 -49.19 49.19
 -108.1 108.1
 640.8 -640.8
 -457 457
 -630.6 630.6
 189.3 -189.3
 89.78 -89.78
 590.4 -590.4
 -293.6 293.6
 -640.5 640.5
 -222.4 222.4
 678 -678
 36.78 -36.78
 -145.8 145.8
 -414.3 414.3
 -672.2 672.2
 73.11 -73.11
 452.6 -452.6
 -582.1 582.1
 -94.11 94.11
 267.1 -267.1
 -116.5 116.5
 746.5 -746.5
 -192.2 192.2
 206.1 -206.1
 77.23 -77.23
 -297.7 297.7
 -0.0035 0.0035
 -841 841
 296.2 -296.2
 -133 133
 -235.7 235.7
 -27.86 27.86
 -96.31 96.31
 412.7 -412.7
 151.5 -151.5
 -205.3 205.3
 135.9 -135.9
 13.13 -13.13
 163.4 -163.4
 362.1 -362.1
 -437.6 437.6
 74.46 -74.46
 -197.3 197.3
 -226.8 226.8
 -255.3 255.3
 -160.7 160.7
 592 -592
 248 -248
 -74.08 74.08
 -494.6 494.6
 -483.6 483.6
 -133 133
 -149.5 149.5
 -196.5 196.5
 22.71 -22.71
 553.5 -553.5
 582 -582
 67.81 -67.81
 -80.1 80.1
 256.6 -256.6
 188.2 -188.2
 -1033 1033
 -110 110
 1110 -1110
 82.62 -82.62
 197.2 -197.2
 -384.3 384.3
 -170.7 170.7
 -462.5 462.5
 -150.5 150.5
 -356.9 356.9
 -149.1 149.1
 -368.5 368.5
 97.19 -97.19
 502.1 -502.1
 15.58 -15.58
 268.4 -268.4
 -204.8 204.8
 -234 234
 234.4 -234.4
 -601.7 601.7
 -90.14 90.14
 579 -579
 -432.7 432.7
 -159.7 159.7
 -138 138
 218 -218
 195.7 -195.7
 327.1 -327.1
 -214.1 214.1
 -71.66 71.66
 166.3 -166.3
 -842.7 842.7
 427.5 -427.5
 137.3 -137.3
 -423.3 423.3
 -192.1 192.1
 -378.5 378.5
 277.6 -277.6
 264.3 -264.3
 -30.54 30.54
 311.5 -311.5
 283.3 -283.3
 -86.59 86.59
 365.1 -365.1
 -84.23 84.23
 -250 250
 -485.5 485.5
 82.12 -82.12
 -513.6 513.6
 340.2 -340.2
 -360.3 360.3
 -453 453
 1.351 -1.351
 220.8 -220.8
 -46.92 46.92
 -288.7 288.7
 -48.25 48.25
 -386.8 386.8
 490.7 -490.7
 14.26 -14.26
 -293 293
 -334.9 334.9
 289 -289
 -165.5 165.5
 22.59 -22.59
 499.4 -499.4
 355.7 -355.7
 724.4 -724.4
 182.8 -182.8
 -237.1 237.1
 -461.2 461.2
 396.7 -396.7
 -261.1 261.1
 138.7 -138.7
 21.44 -21.44
 817.5 -817.5
 390 -390
 -450.8 450.8
 613.8 -613.8
 1327 -1327
 657.2 -657.2
 605.6 -605.6
 671 -671
 -114.6 114.6
 -36.94 36.94
 -343.3 343.3
 666.8 -666.8
 61.25 -61.25
 -404.4 404.4
 256.7 -256.7
 20.79 -20.79
 -309.7 309.7
 133 -133
 -57.49 57.49
 -104.5 104.5
 298.6 -298.6
 299.6 -299.6
 648.4 -648.4
 -286.2 286.2
 -321.2 321.2
 -634 634
 -206.2 206.2
 -220.5 220.5
 -675.6 675.6
 -485.9 485.9
 -238.6 238.6
 68.52 -68.52
