# Created by Octave 4.0.3, Tue Dec 20 18:30:44 2016 CET <root@0ray>
# name: w
# type: matrix
# rows: 5
# columns: 3
 -0.2 0.2 -1.9
 -2.46 -3.16 -4.77
 0.6 -1.74 -3.81
 -5.89 -1.75 0.5
 -2.27 -2.09 2.03


