# Created by Octave 4.0.3, Sat Dec 24 20:44:43 2016 CET <root@0ray>
# name: w
# type: matrix
# rows: 101
# columns: 20
 -8.516e+06 -8.515e+06 -8.516e+06 -8.514e+06 -8.515e+06 -8.516e+06 -8.517e+06 -8.517e+06 -8.518e+06 -8.516e+06 -8.518e+06 -8.517e+06 -8.514e+06 -8.515e+06 -8.516e+06 -8.515e+06 -8.516e+06 -8.517e+06 -8.516e+06 -8.517e+06
 -6.423e+05 -6.413e+05 -6.413e+05 -6.413e+05 -6.412e+05 -6.412e+05 -6.411e+05 -6.414e+05 -6.413e+05 -6.414e+05 -6.413e+05 -6.404e+05 -6.421e+05 -6.424e+05 -6.41e+05 -6.416e+05 -6.393e+05 -6.415e+05 -6.389e+05 -6.416e+05
 -1.203e+05 -1.201e+05 -1.189e+05 -1.194e+05 -1.21e+05 -1.188e+05 -1.187e+05 -1.19e+05 -1.189e+05 -1.187e+05 -1.19e+05 -1.141e+05 -1.188e+05 -1.202e+05 -1.201e+05 -1.19e+05 -1.185e+05 -1.178e+05 -1.203e+05 -1.201e+05
 -1.517e+05 -1.505e+05 -1.5e+05 -1.498e+05 -1.504e+05 -1.505e+05 -1.506e+05 -1.518e+05 -1.501e+05 -1.508e+05 -1.503e+05 -1.508e+05 -1.498e+05 -1.512e+05 -1.495e+05 -1.504e+05 -1.431e+05 -1.513e+05 -1.481e+05 -1.505e+05
 -1.892e+04 -1.975e+04 -1.96e+04 -2.019e+04 -1.962e+04 -1.923e+04 -1.867e+04 -1.962e+04 -1.848e+04 -1.938e+04 -1.879e+04 -1.916e+04 -2.146e+04 -2.08e+04 -1.947e+04 -2.036e+04 -2.045e+04 -8253 -1.056e+04 -1.472e+04
 -5.867e+05 -5.87e+05 -5.871e+05 -5.872e+05 -5.87e+05 -5.87e+05 -5.871e+05 -5.864e+05 -5.869e+05 -5.871e+05 -5.873e+05 -5.859e+05 -5.862e+05 -5.878e+05 -5.873e+05 -5.873e+05 -5.863e+05 -5.87e+05 -5.86e+05 -5.866e+05
 -2.944e+05 -2.952e+05 -2.957e+05 -2.953e+05 -2.954e+05 -2.95e+05 -2.933e+05 -2.953e+05 -2.942e+05 -2.906e+05 -2.898e+05 -2.951e+05 -2.953e+05 -2.961e+05 -2.954e+05 -2.961e+05 -2.953e+05 -2.95e+05 -2.954e+05 -2.946e+05
 -1.936e+04 -1.646e+04 -1.627e+04 -1.712e+04 -1.734e+04 -1.623e+04 -1.68e+04 -1.963e+04 -1.7e+04 -1.897e+04 -2.006e+04 -1.574e+04 -1.737e+04 -1.824e+04 -1.631e+04 -1.632e+04 -2.042e+04 -4719 -1.307e+04 -1.48e+04
 -1.339e+04 -1.193e+04 -1.398e+04 -1.35e+04 -1.787e+04 -1.497e+04 -1.169e+04 -1.52e+04 -1.554e+04 -1.554e+04 -1.569e+04 1388 -1.993e+04 -1.465e+04 -8125 -1.58e+04 -1.34e+04 -1.526e+04 -1.823e+04 -1.47e+04
 -1.933e+05 -1.924e+05 -1.921e+05 -1.921e+05 -1.917e+05 -1.926e+05 -1.901e+05 -1.921e+05 -1.92e+05 -1.897e+05 -1.906e+05 -1.92e+05 -1.915e+05 -1.924e+05 -1.922e+05 -1.928e+05 -1.924e+05 -1.919e+05 -1.93e+05 -1.926e+05
 -9436 -8414 -8885 -9632 -1.041e+04 -8747 -7686 -9294 -8081 -9057 -7767 1083 -1.132e+04 -9178 -8687 -9043 -4758 -8637 -6694 -8893
 -2.699e+05 -2.689e+05 -2.69e+05 -2.69e+05 -2.692e+05 -2.686e+05 -2.685e+05 -2.689e+05 -2.686e+05 -2.69e+05 -2.687e+05 -2.687e+05 -2.697e+05 -2.703e+05 -2.688e+05 -2.699e+05 -2.645e+05 -2.687e+05 -2.687e+05 -2.669e+05
 -8.57e+04 -8.455e+04 -8.529e+04 -8.606e+04 -8.594e+04 -8.53e+04 -8.35e+04 -8.618e+04 -8.552e+04 -8.192e+04 -8.078e+04 -8.527e+04 -8.335e+04 -8.652e+04 -8.674e+04 -8.554e+04 -8.56e+04 -8.543e+04 -8.568e+04 -8.57e+04
 -2.497e+04 -1.722e+04 -2.702e+04 -2.76e+04 -2.455e+04 -6183 -2.493e+04 -2.416e+04 -2.35e+04 -2.453e+04 -2.358e+04 -2.395e+04 -2.523e+04 -2.232e+04 -2.625e+04 -2.568e+04 -2.204e+04 -2.555e+04 -2.712e+04 -1.865e+04
 -1.048e+05 -1.062e+05 -1.052e+05 -1.004e+05 -1.023e+05 -1.06e+05 -1.029e+05 -1.05e+05 -1.047e+05 -1.045e+05 -1.044e+05 -1.047e+05 -1.056e+05 -1.051e+05 -1.047e+05 -1.05e+05 -1.051e+05 -1.046e+05 -1.052e+05 -1.048e+05
 -2.917e+05 -2.923e+05 -2.923e+05 -2.923e+05 -2.923e+05 -2.922e+05 -2.922e+05 -2.923e+05 -2.923e+05 -2.923e+05 -2.921e+05 -2.925e+05 -2.926e+05 -2.928e+05 -2.926e+05 -2.942e+05 -2.927e+05 -2.926e+05 -2.915e+05 -2.902e+05
 -3.236e+05 -3.243e+05 -3.243e+05 -3.246e+05 -3.244e+05 -3.238e+05 -3.238e+05 -3.238e+05 -3.239e+05 -3.242e+05 -3.236e+05 -3.235e+05 -3.249e+05 -3.251e+05 -3.244e+05 -3.244e+05 -3.233e+05 -3.231e+05 -3.218e+05 -3.234e+05
 -1.53e+05 -1.523e+05 -1.524e+05 -1.528e+05 -1.526e+05 -1.518e+05 -1.517e+05 -1.52e+05 -1.512e+05 -1.521e+05 -1.513e+05 -1.518e+05 -1.526e+05 -1.526e+05 -1.521e+05 -1.527e+05 -1.474e+05 -1.518e+05 -1.517e+05 -1.495e+05
 -1.899e+05 -1.894e+05 -1.895e+05 -1.898e+05 -1.899e+05 -1.894e+05 -1.893e+05 -1.894e+05 -1.896e+05 -1.903e+05 -1.892e+05 -1.899e+05 -1.898e+05 -1.899e+05 -1.898e+05 -1.899e+05 -1.904e+05 -1.848e+05 -1.89e+05 -1.889e+05
 -8.3e+05 -8.31e+05 -8.309e+05 -8.31e+05 -8.311e+05 -8.309e+05 -8.31e+05 -8.31e+05 -8.311e+05 -8.311e+05 -8.311e+05 -8.312e+05 -8.308e+05 -8.302e+05 -8.312e+05 -8.314e+05 -8.32e+05 -8.31e+05 -8.303e+05 -8.294e+05
 -4.019e+05 -4.034e+05 -4.034e+05 -4.034e+05 -4.037e+05 -4.034e+05 -4.034e+05 -4.036e+05 -4.035e+05 -4.037e+05 -4.034e+05 -4.033e+05 -4.036e+05 -4.038e+05 -4.035e+05 -4.035e+05 -4.03e+05 -4.037e+05 -4.038e+05 -4.021e+05
 -4.292e+05 -4.282e+05 -4.281e+05 -4.282e+05 -4.286e+05 -4.284e+05 -4.28e+05 -4.277e+05 -4.278e+05 -4.286e+05 -4.283e+05 -4.28e+05 -4.285e+05 -4.276e+05 -4.282e+05 -4.276e+05 -4.268e+05 -4.277e+05 -4.268e+05 -4.276e+05
 -3.266e+05 -3.278e+05 -3.273e+05 -3.297e+05 -3.192e+05 -3.277e+05 -3.262e+05 -3.27e+05 -3.264e+05 -3.274e+05 -3.263e+05 -3.263e+05 -3.27e+05 -3.264e+05 -3.273e+05 -3.282e+05 -3.281e+05 -3.272e+05 -3.281e+05 -3.232e+05
 -3.198e+05 -3.216e+05 -3.22e+05 -3.221e+05 -3.223e+05 -3.221e+05 -3.218e+05 -3.221e+05 -3.221e+05 -3.222e+05 -3.221e+05 -3.224e+05 -3.213e+05 -3.227e+05 -3.187e+05 -3.227e+05 -3.224e+05 -3.216e+05 -3.233e+05 -3.203e+05
 -7.317e+05 -7.297e+05 -7.316e+05 -7.297e+05 -7.3e+05 -7.302e+05 -7.305e+05 -7.314e+05 -7.311e+05 -7.313e+05 -7.315e+05 -7.315e+05 -7.3e+05 -7.309e+05 -7.302e+05 -7.308e+05 -7.313e+05 -7.309e+05 -7.318e+05 -7.316e+05
 -6.842e+04 -6.694e+04 -6.687e+04 -6.389e+04 -6.765e+04 -6.713e+04 -6.661e+04 -6.63e+04 -6.629e+04 -6.151e+04 -6.237e+04 -6.666e+04 -6.712e+04 -6.867e+04 -6.611e+04 -6.734e+04 -6.683e+04 -6.646e+04 -6.69e+04 -6.787e+04
 -4.109e+04 -4.061e+04 -4.078e+04 -4.052e+04 -4.107e+04 -3.996e+04 -3.841e+04 -3.916e+04 -3.968e+04 -2.961e+04 -2.995e+04 -3.859e+04 -4.135e+04 -4.013e+04 -3.939e+04 -4.078e+04 -4.01e+04 -3.892e+04 -4.329e+04 -4.045e+04
 -7.569e+05 -7.563e+05 -7.563e+05 -7.565e+05 -7.568e+05 -7.563e+05 -7.57e+05 -7.569e+05 -7.567e+05 -7.572e+05 -7.57e+05 -7.567e+05 -7.546e+05 -7.56e+05 -7.566e+05 -7.567e+05 -7.571e+05 -7.564e+05 -7.567e+05 -7.564e+05
 -2.888e+05 -2.906e+05 -2.904e+05 -2.905e+05 -2.906e+05 -2.902e+05 -2.901e+05 -2.902e+05 -2.899e+05 -2.902e+05 -2.899e+05 -2.904e+05 -2.906e+05 -2.909e+05 -2.904e+05 -2.877e+05 -2.907e+05 -2.899e+05 -2.921e+05 -2.868e+05
 -5.629e+05 -5.623e+05 -5.614e+05 -5.577e+05 -5.642e+05 -5.613e+05 -5.619e+05 -5.624e+05 -5.624e+05 -5.625e+05 -5.623e+05 -5.626e+05 -5.612e+05 -5.622e+05 -5.621e+05 -5.627e+05 -5.625e+05 -5.625e+05 -5.625e+05 -5.624e+05
 -7.637e+05 -7.632e+05 -7.636e+05 -7.634e+05 -7.63e+05 -7.623e+05 -7.627e+05 -7.622e+05 -7.626e+05 -7.598e+05 -7.624e+05 -7.629e+05 -7.636e+05 -7.61e+05 -7.62e+05 -7.627e+05 -7.625e+05 -7.627e+05 -7.629e+05 -7.637e+05
 -1.375e+05 -1.362e+05 -1.363e+05 -1.361e+05 -1.36e+05 -1.363e+05 -1.358e+05 -1.364e+05 -1.359e+05 -1.361e+05 -1.358e+05 -1.361e+05 -1.368e+05 -1.369e+05 -1.36e+05 -1.383e+05 -1.291e+05 -1.343e+05 -1.363e+05 -1.35e+05
 -1.137e+05 -1.136e+05 -1.141e+05 -1.141e+05 -1.138e+05 -1.137e+05 -1.126e+05 -1.13e+05 -1.123e+05 -1.065e+05 -1.067e+05 -1.13e+05 -1.161e+05 -1.139e+05 -1.122e+05 -1.143e+05 -1.13e+05 -1.129e+05 -1.148e+05 -1.122e+05
 -9.386e+04 -9.22e+04 -9.212e+04 -9.244e+04 -9.226e+04 -9.161e+04 -9.123e+04 -9.168e+04 -9.114e+04 -9.216e+04 -9.096e+04 -9.186e+04 -9.223e+04 -9.202e+04 -9.228e+04 -8.598e+04 -9.242e+04 -9.309e+04 -9.351e+04 -8.782e+04
 -3.272e+05 -3.265e+05 -3.265e+05 -3.266e+05 -3.266e+05 -3.267e+05 -3.266e+05 -3.267e+05 -3.266e+05 -3.268e+05 -3.265e+05 -3.268e+05 -3.258e+05 -3.263e+05 -3.266e+05 -3.26e+05 -3.243e+05 -3.266e+05 -3.263e+05 -3.262e+05
 -3.923e+04 -3.792e+04 -3.695e+04 -3.854e+04 -3.785e+04 -3.694e+04 -3.557e+04 -3.648e+04 -3.628e+04 -2.637e+04 -3.497e+04 -3.718e+04 -3.884e+04 -3.895e+04 -3.696e+04 -3.813e+04 -3.73e+04 -3.633e+04 -3.91e+04 -3.646e+04
