# Created by Octave 4.0.3, Tue Dec 20 22:46:37 2016 CET <root@0ray>
# name: w
# type: matrix
# rows: 2001
# columns: 2
 -0.1 0.1
 3.434 -3.434
 -0.08417 0.08417
 1.049 -1.049
 0.704 -0.704
 1.026 -1.026
 3.861 -3.861
 0.4204 -0.4204
 2.017 -2.017
 -0.4982 0.4982
 0.6272 -0.6272
 -1.323 1.323
 -0.4972 0.4972
 1.426 -1.426
 0.06947 -0.06947
 -2.781 2.781
 0.6227 -0.6227
 -1.312 1.312
 2.02 -2.02
 -1.796 1.796
 -2.554 2.554
 -2.072 2.072
 0.4739 -0.4739
 -1.606 1.606
 -2.277 2.277
 -5.351 5.351
 -1.167 1.167
 0.4041 -0.4041
 -1.162 1.162
 -0.5442 0.5442
 2.817 -2.817
 3.327 -3.327
 0.2082 -0.2082
 -0.3283 0.3283
 1.556 -1.556
 -6.755 6.755
 -3.788 3.788
 -1.849 1.849
 -0.5669 0.5669
 -1.033 1.033
 -0.2848 0.2848
 2.304 -2.304
 1.128 -1.128
 -1.458 1.458
 -0.7465 0.7465
 -0.2705 0.2705
 -1.581 1.581
 4.823 -4.823
 0.05149 -0.05149
 1.967 -1.967
 -0.3385 0.3385
 0.5852 -0.5852
 0.07875 -0.07875
 -4.476 4.476
 -0.212 0.212
 4.25 -4.25
 -1.811 1.811
 0.1796 -0.1796
 -2.35 2.35
 -0.8149 0.8149
 2.054 -2.054
 -2.091 2.091
 -1.142 1.142
 -0.03398 0.03398
 -1.748 1.748
 -0.7429 0.7429
 2.906 -2.906
 -0.5021 0.5021
 2.539 -2.539
 0.7385 -0.7385
 -1.04 1.04
 -5.483 5.483
 0.5095 -0.5095
 3.606 -3.606
 5.039 -5.039
 -4.525 4.525
 -5.465 5.465
 1.1 -1.1
 2.103 -2.103
 -1.603 1.603
 0.6772 -0.6772
 -0.4454 0.4454
 -2.808 2.808
 0.06 -0.06
 2.356 -2.356
 -2.43 2.43
 -1.928 1.928
 -3.739 3.739
 -0.2071 0.2071
 0.793 -0.793
 0.1822 -0.1822
 1.835 -1.835
 1.161 -1.161
 -1.358 1.358
 4.449 -4.449
 0.03646 -0.03646
 -1.115 1.115
 0.8479 -0.8479
 -0.6262 0.6262
 -4.54 4.54
 -0.05896 0.05896
 3.031 -3.031
 -1.688 1.688
 1.468 -1.468
 1.527 -1.527
 0.7586 -0.7586
 2.402 -2.402
 -0.6816 0.6816
 1.653 -1.653
 1.065 -1.065
 1.964 -1.964
 -2.916 2.916
 -0.7829 0.7829
 0.9719 -0.9719
 0.5471 -0.5471
 -3.715 3.715
 2.085 -2.085
 -0.4836 0.4836
 0.03591 -0.03591
 -2.166 2.166
 -1.135 1.135
 4.402 -4.402
 -7.781 7.781
 -0.7858 0.7858
 2.588 -2.588
 -7.579 7.579
 -0.5964 0.5964
 -3.871 3.871
 1.121 -1.121
 3.263 -3.263
 1.731 -1.731
 1.756 -1.756
 0.523 -0.523
 -2.04 2.04
 1.055 -1.055
 0.7562 -0.7562
 1.775 -1.775
 -6.813 6.813
 -1.486 1.486
 1.124 -1.124
 1.057 -1.057
 -1.177 1.177
 -0.4317 0.4317
 1.954 -1.954
 3.528 -3.528
 0.6872 -0.6872
 5.537 -5.537
 -0.6087 0.6087
 -0.881 0.881
 0.8166 -0.8166
 -0.2269 0.2269
 -1.39 1.39
 0.1709 -0.1709
 -0.2227 0.2227
 2.044 -2.044
 1.791 -1.791
 -0.0721 0.0721
 0.9341 -0.9341
 -1.941 1.941
 2.836 -2.836
 -1.984 1.984
 1.315 -1.315
 -2.93 2.93
 -4.237 4.237
 1.595 -1.595
 4.596 -4.596
 0.9896 -0.9896
 -0.6808 0.6808
 0.5629 -0.5629
 -0.4927 0.4927
 1.171 -1.171
 0.7817 -0.7817
 -0.699 0.699
 2.884 -2.884
 2.714 -2.714
 -0.8894 0.8894
 -2.915 2.915
 0.5957 -0.5957
 -4.395 4.395
 -1.75 1.75
 -0.417 0.417
 -4.584 4.584
 -2.564 2.564
 3.064 -3.064
 1.799 -1.799
 1.976 -1.976
 4.368 -4.368
 -2.68 2.68
 1.87 -1.87
 -2.85 2.85
 0.7089 -0.7089
 0.3528 -0.3528
 0.705 -0.705
 1.98 -1.98
 -4.515 4.515
 -1.542 1.542
 1.252 -1.252
 -1.374 1.374
 -1.26 1.26
 6.408 -6.408
 -0.3976 0.3976
 -1.453 1.453
 -1.994 1.994
 0.2563 -0.2563
 -3.217 3.217
 -1.589 1.589
 -1.306 1.306
 -0.833 0.833
 -2.063 2.063
 3.953 -3.953
 -3.785 3.785
 0.03349 -0.03349
 0.7347 -0.7347
 3.383 -3.383
 -0.2313 0.2313
 3.488 -3.488
 -5.869 5.869
 -1.277 1.277
 1.391 -1.391
 3.679 -3.679
 0.6469 -0.6469
 3.68 -3.68
 0.3294 -0.3294
 1.745 -1.745
 1.598 -1.598
 1.138 -1.138
 -0.7576 0.7576
 -0.02253 0.02253
 3.153 -3.153
 -4.681 4.681
 1.008 -1.008
 2.553 -2.553
 0.2716 -0.2716
 -1.318 1.318
 -0.4173 0.4173
 -1.333 1.333
 2.018 -2.018
 0.1693 -0.1693
 3.002 -3.002
 1.915 -1.915
 -0.3083 0.3083
 -2.065 2.065
 -1.215 1.215
 -2.363 2.363
 -3.727 3.727
 -1.831 1.831
 4.429 -4.429
 -0.1164 0.1164
 -1.528 1.528
 -2.812 2.812
 1.958 -1.958
 3.034 -3.034
 2.662 -2.662
 0.8608 -0.8608
 -2.454 2.454
 4.194 -4.194
 -1.391 1.391
 2.567 -2.567
 3.385 -3.385
 -0.4187 0.4187
 7.245 -7.245
 0.3705 -0.3705
 1.559 -1.559
 -0.9082 0.9082
 3.46 -3.46
 0.9934 -0.9934
 1.451 -1.451
 0.6517 -0.6517
 0.9449 -0.9449
 3.535 -3.535
 -1.299 1.299
 -2.923 2.923
 -0.5142 0.5142
 -1.368 1.368
 3.166 -3.166
 2.311 -2.311
 -1.101 1.101
 -0.7044 0.7044
 -1.17 1.17
 0.5483 -0.5483
 -2.366 2.366
 -0.1063 0.1063
 2.037 -2.037
 -2.183 2.183
 3.521 -3.521
 1.298 -1.298
 0.4537 -0.4537
 -0.6308 0.6308
 3.197 -3.197
 -3.799 3.799
 -0.1793 0.1793
 -7.546 7.546
 4.988 -4.988
 1.796 -1.796
 3.377 -3.377
 -0.1086 0.1086
 -5.226 5.226
 -2.407 2.407
 0.423 -0.423
 -0.4561 0.4561
 -1.834 1.834
 -2.338 2.338
 0.5313 -0.5313
 -3.819 3.819
 0.3898 -0.3898
 0.1579 -0.1579
 2.619 -2.619
 -1.224 1.224
 -1.464 1.464
 0.0279 -0.0279
 -0.2642 0.2642
 3.151 -3.151
 -2.336 2.336
 -3.858 3.858
 2.115 -2.115
 -1.362 1.362
 0.6058 -0.6058
 -0.1155 0.1155
 -2.54 2.54
 1.309 -1.309
 2.367 -2.367
 3.228 -3.228
 1.625 -1.625
 -3.886 3.886
 -2.617 2.617
 0.609 -0.609
 0.8019 -0.8019
 -2.533 2.533
 -0.1476 0.1476
 -0.172 0.172
 -2.394 2.394
 3.228 -3.228
 0.6598 -0.6598
 -1.694 1.694
 1.344 -1.344
 0.2061 -0.2061
 0.2831 -0.2831
 4.04 -4.04
 1.277 -1.277
 4.586 -4.586
 1.384 -1.384
 -0.7724 0.7724
 0.3346 -0.3346
 2.385 -2.385
 -3.104 3.104
 -0.5177 0.5177
 2.521 -2.521
 1.881 -1.881
 3.64 -3.64
 -0.1572 0.1572
 -1.481 1.481
 0.454 -0.454
 -4.3 4.3
 -1.349 1.349
 0.5822 -0.5822
 3.484 -3.484
 -1.242 1.242
 -0.3913 0.3913
 0.7369 -0.7369
 1.157 -1.157
 -3.574 3.574
 -2.124 2.124
 -0.7371 0.7371
 2.075 -2.075
 1.931 -1.931
 2.743 -2.743
 2.796 -2.796
 0.6537 -0.6537
 0.9175 -0.9175
 -5.075 5.075
 0.6575 -0.6575
 2.763 -2.763
 1.267 -1.267
 -2.363 2.363
 -5.699 5.699
 0.1463 -0.1463
 1.451 -1.451
 2.317 -2.317
 1.077 -1.077
 -2.969 2.969
 -0.4371 0.4371
 -3.727 3.727
 2.98 -2.98
 -2.4 2.4
 2.501 -2.501
 0.7957 -0.7957
 0.5426 -0.5426
 5.368 -5.368
 2.593 -2.593
 -1.284 1.284
 -2.049 2.049
 -1.325 1.325
 -0.2733 0.2733
 -2.072 2.072
 2.51 -2.51
 -0.8775 0.8775
 -1.256 1.256
 1.791 -1.791
 -1.234 1.234
 0.394 -0.394
 -0.9189 0.9189
 -3.961 3.961
 -1.876 1.876
 0.5229 -0.5229
 -1.442 1.442
 -4.478 4.478
 -2.034 2.034
 -1.786 1.786
 -1.841 1.841
 3.251 -3.251
 -0.7254 0.7254
 -0.047 0.047
 -1.436 1.436
 -0.09204 0.09204
 -3.983 3.983
 0.7141 -0.7141
 6.093 -6.093
 -2.12 2.12
 2.918 -2.918
 -0.7183 0.7183
 2.317 -2.317
 -1.749 1.749
 5.007 -5.007
 0.8175 -0.8175
 1.002 -1.002
 -2.818 2.818
 -0.2775 0.2775
 -0.7752 0.7752
 1.467 -1.467
 0.4848 -0.4848
 2.874 -2.874
 -0.8784 0.8784
 -0.7206 0.7206
 -1.587 1.587
 -6.368 6.368
 -0.2545 0.2545
 -2.735 2.735
 -1.37 1.37
 -1.912 1.912
 0.709 -0.709
 1.09 -1.09
 -1.307 1.307
 -4.315 4.315
 1.658 -1.658
 1.388 -1.388
 1.018 -1.018
 3.522 -3.522
 0.2213 -0.2213
 1.137 -1.137
 3.145 -3.145
 -1.481 1.481
 -0.3264 0.3264
 1.238 -1.238
 -1.376 1.376
 1.935 -1.935
 3.19 -3.19
 0.3052 -0.3052
 4.078 -4.078
 -0.4536 0.4536
 -1.057 1.057
 -1.356 1.356
 -0.6193 0.6193
 2.805 -2.805
 -0.3853 0.3853
 4.42 -4.42
 -0.1725 0.1725
 0.8388 -0.8388
 0.1126 -0.1126
 1.189 -1.189
 -2.206 2.206
 -1.242 1.242
 1.494 -1.494
 0.5706 -0.5706
 -1.949 1.949
 1.102 -1.102
 3.076 -3.076
 1.107 -1.107
 -1.031 1.031
 1.08 -1.08
 -0.4616 0.4616
 -0.5154 0.5154
 -1.072 1.072
 -1.142 1.142
 2.047 -2.047
 0.2306 -0.2306
 -0.04244 0.04244
 1.057 -1.057
 -1.191 1.191
 -0.6406 0.6406
 -0.2424 0.2424
 -1.029 1.029
 0.9708 -0.9708
 -1.107 1.107
 -1.593 1.593
 -0.2668 0.2668
 -5.176 5.176
 -0.8752 0.8752
 -3.718 3.718
 3.008 -3.008
 -6.479 6.479
 1.042 -1.042
 5.263 -5.263
 -0.8979 0.8979
 -0.1321 0.1321
 0.5337 -0.5337
 -4.607 4.607
 -2.224 2.224
 -0.1928 0.1928
 0.7435 -0.7435
 5.311 -5.311
 -1.957 1.957
 0.764 -0.764
 -1.964 1.964
 0.02468 -0.02468
 -1.388 1.388
 1.984 -1.984
 -3.712 3.712
 -1.44 1.44
 0.8773 -0.8773
 -4.389 4.389
 -0.7767 0.7767
 4.169 -4.169
 -4.316 4.316
 1.665 -1.665
 -1.105 1.105
 -3.118 3.118
 0.244 -0.244
 3.783 -3.783
 0.1416 -0.1416
 -0.03601 0.03601
 5.797 -5.797
 2.044 -2.044
 -2.055 2.055
 3.704 -3.704
 0.8735 -0.8735
 -4.066 4.066
 2.909 -2.909
 2.411 -2.411
 3.927 -3.927
 -0.2381 0.2381
 -5.587 5.587
 -0.8436 0.8436
