# Created by Octave 4.0.0, Tue Apr 25 18:32:28 2017 CEST <ray11@ray11-X202E>
# name: res
# type: matrix
# rows: 11
# columns: 2
 89 98.04000000000001
 90 98.02
 91 98.02
 92 97.94
 93 97.86
 94 97.73999999999999
 95 97.62
 96 97.48
 97 97.62
 98 97.2
 99 96.95999999999999


