# Created by Octave 4.0.0, Tue Apr 25 18:48:47 2017 CEST <ray11@ray11-X202E>
# name: res
# type: matrix
# rows: 11
# columns: 3
 46 25 34.32
 46 26 34.04
 46 27 34
 46 28 34.14
 46 29 33.7
 46 30 33.96
 46 31 33.68
 46 32 33.8
 46 33 34.2
 46 34 34.54
 46 35 34.34


