# Created by Octave 4.0.0, Tue Apr 25 18:22:27 2017 CEST <ray11@ray11-X202E>
# name: res
# type: matrix
# rows: 11
# columns: 2
 40 37.74
 41 37.52
 42 37.18
 43 36.9
 44 37.1
 45 36.98
 46 36.86
 47 36.86
 48 36.78
 49 36.98
 50 37.4


