# Created by Octave 4.0.0, Tue Feb 28 18:25:56 2017 CET <ray11@ray11-X202E>
# name: minv
# type: matrix
# rows: 2
# columns: 2
 -0.4047619 0.07142857
 1.547619 -0.2142857


