# Created by Octave 4.0.0, Tue Feb 28 18:46:06 2017 CET <ray11@ray11-X202E>
# name: mt
# type: matrix
# rows: 2
# columns: 2
 -0.4047619 1.547619
 0.07142857 -0.2142857


